{
  "z": 80,
  "s": 16,
  "v": 1,
  "c": 3,
  "Demand": [
    0.000803429155663251,
    0.000951406002100867,
    0.000380610376636527,
    0.000618466478371856,
    0.000512392725428298,
    0.000695649396798754,
    0.000843419435135384,
    0.000424306894893672,
    0.000110637129007104,
    0.000597429377117032,
    0.000380072163557447,
    0.000462906508557862,
    0.000567661492069330,
    0.000138091940366586,
    0.000160928415309842,
    0.000976386806555645,
    0.000407465600351466,
    0.000607598571090764,
    0.000411097363827106,
    0.002096322377129740,
    0.000977756939314907,
    0.000289566403417517,
    0.000364714368173244,
    0.000424418921560095,
    0.000376874510876457,
    0.001813841435241270,
    0.000413586803445946,
    0.000476504164309527,
    0.001104592711015790,
    0.001067919293659960,
    0.002054678063366840,
    0.001521617246129450,
    0.000279801635275065,
    0.001011309532388760,
    0.001586138579717420,
    0.000915099561287692,
    0.000675259819771439,
    0.000019964112235636,
    0.000847033587564333,
    0.000647409833811700,
    0.000180341239328160,
    0.000178894020032589,
    0.000655361310895996,
    0.000345229960502890,
    0.000026784335025326,
    0.000015444473289114,
    0.000166107944608846,
    0.001329489054342030,
    0.000518487588355484,
    0.000759259665337735,
    0.001732157823726080,
    0.001506615699225230,
    0.000561153443150188,
    0.000848059285780130,
    0.002559938881198130,
    0.001807600660012130,
    0.003558319417394840,
    0.001568371644696790,
    0.001496728055867190,
    0.000188335733786336,
    0.001731329286685350,
    0.000224138174741358,
    0.001016274398888010,
    0.002029372174674680,
    0.001529846835203930,
    0.000957189557894737,
    0.000299544218442165,
    0.001671900833953350,
    0.000645984772888817,
    0.001413405412619990,
    0.000495197175781006,
    0.000556404000437429,
    0.000422300189451340,
    0.000074979271521926,
    0.000416905478277566,
    0.000152626741677128,
    0.000146797107032041,
    0.002025080041759430,
    0.000063275915922589,
    0.000285365387203221
  ],
  "Time": [
    [
      0.0010,
      1.6420,
      1.8700,
      1.2150,
      1.2240,
      1.3240,
      2.3470,
      3.2520,
      3.0020,
      4.0630,
      1.3150,
      1.9470,
      1.9570,
      3.1200,
      3.1200,
      2.1110,
      3.7930,
      3.3800,
      4.4850,
      4.6850,
      5.5010,
      6.1030,
      6.1030,
      5.0010,
      6.2060,
      6.8560,
      6.4550,
      6.8670,
      5.6330,
      7.2060,
      7.7950,
      7.4070,
      7.8170,
      7.8260,
      7.7200,
      10.1790,
      9.2770,
      10.4550,
      5.0540,
      4.3470,
      4.7540,
      5.1550,
      3.7420,
      3.0620,
      3.2020,
      5.2130,
      5.6040,
      7.5610,
      5.7250,
      5.6240,
      6.9370,
      7.1670,
      8.3840,
      8.4070,
      7.5480,
      7.0560,
      8.3070,
      8.4770,
      9.4430,
      7.8540,
      8.0340,
      8.8310,
      9.5950,
      9.3480,
      10.1810,
      10.2810,
      10.7870,
      8.0610,
      8.1740,
      10.3180,
      8.7840,
      8.2170,
      8.0380,
      8.0380,
      7.6940,
      8.0730,
      7.1420,
      9.2270,
      2.6620,
      3.0790
    ],
    [
      1.6420,
      0.0010,
      2.2760,
      1.0980,
      1.8660,
      1.9660,
      2.9890,
      3.8940,
      3.6440,
      3.9460,
      1.1980,
      1.8300,
      1.8400,
      3.0030,
      3.0030,
      1.9940,
      3.6760,
      3.2630,
      4.3680,
      4.5680,
      5.3840,
      5.9860,
      5.9860,
      4.8840,
      6.0890,
      6.7390,
      6.3380,
      6.7500,
      5.5160,
      7.0890,
      7.6780,
      7.2900,
      7.7000,
      7.7090,
      7.6030,
      10.0620,
      9.1600,
      10.3380,
      4.9370,
      4.2300,
      4.6370,
      5.0380,
      3.6250,
      2.9450,
      3.0850,
      5.0960,
      5.4870,
      7.4440,
      5.6080,
      5.5070,
      6.8200,
      7.0500,
      8.2670,
      8.2900,
      7.4310,
      6.9390,
      8.1900,
      8.3600,
      9.3260,
      7.7370,
      7.9170,
      8.7140,
      9.4780,
      9.2310,
      10.0640,
      10.1640,
      10.6700,
      7.9440,
      8.0570,
      10.2010,
      8.6670,
      8.1000,
      7.9210,
      7.9210,
      7.5770,
      7.9560,
      7.0250,
      9.1100,
      2.5450,
      2.9620
    ],
    [
      1.8700,
      2.2760,
      0.0010,
      2.0840,
      1.8960,
      1.9960,
      3.0190,
      3.9240,
      3.6740,
      4.9320,
      2.1840,
      2.8160,
      2.8260,
      3.9890,
      3.9890,
      2.9800,
      4.6620,
      4.2490,
      5.3540,
      5.5540,
      6.3700,
      6.9720,
      6.9720,
      5.8700,
      7.0750,
      7.7250,
      7.3240,
      7.7360,
      6.5020,
      8.0750,
      8.6640,
      8.2760,
      8.6860,
      8.6950,
      8.5890,
      11.0480,
      10.1460,
      11.3240,
      5.9230,
      5.2160,
      5.6230,
      6.0240,
      4.6110,
      3.9310,
      4.0710,
      6.0820,
      6.4730,
      8.4300,
      6.5940,
      6.4930,
      7.8060,
      8.0360,
      9.2530,
      9.2760,
      8.4170,
      7.9250,
      9.1760,
      9.3460,
      10.3120,
      8.7230,
      8.9030,
      9.7000,
      10.4640,
      10.2170,
      11.0500,
      11.1500,
      11.6560,
      8.9300,
      9.0430,
      11.1870,
      9.6530,
      9.0860,
      8.9070,
      8.9070,
      8.5630,
      8.9420,
      8.0110,
      10.0960,
      3.5310,
      3.9480
    ],
    [
      1.2150,
      1.0980,
      2.0840,
      0.0010,
      1.4390,
      1.5390,
      2.5620,
      3.4670,
      3.2170,
      3.4460,
      0.6980,
      1.3300,
      1.3400,
      2.5030,
      2.5030,
      1.4940,
      3.1760,
      2.7630,
      3.8680,
      4.0680,
      4.8840,
      5.4860,
      5.4860,
      4.3840,
      5.5890,
      6.2390,
      5.8380,
      6.2500,
      5.0160,
      6.5890,
      7.1780,
      6.7900,
      7.2000,
      7.2090,
      7.1030,
      9.5620,
      8.6600,
      9.8380,
      4.4370,
      3.7300,
      4.1370,
      4.5380,
      3.1250,
      2.4450,
      2.5850,
      4.5960,
      4.9870,
      6.9440,
      5.1080,
      5.0070,
      6.3200,
      6.5500,
      7.7670,
      7.7900,
      6.9310,
      6.4390,
      7.6900,
      7.8600,
      8.8260,
      7.2370,
      7.4170,
      8.2140,
      8.9780,
      8.7310,
      9.5640,
      9.6640,
      10.1700,
      7.4440,
      7.5570,
      9.7010,
      8.1670,
      7.6000,
      7.4210,
      7.4210,
      7.0770,
      7.4560,
      6.5250,
      8.6100,
      2.0450,
      2.4620
    ],
    [
      1.2240,
      1.8660,
      1.8960,
      1.4390,
      0.0010,
      0.6980,
      1.7210,
      2.6260,
      2.3760,
      4.1840,
      1.5390,
      2.1710,
      2.1810,
      3.2410,
      3.2410,
      2.3350,
      4.0170,
      3.6040,
      4.7090,
      4.9090,
      5.7250,
      6.3270,
      6.3270,
      5.2250,
      6.4300,
      7.0800,
      6.6790,
      7.0910,
      5.8570,
      7.4300,
      8.0190,
      7.6310,
      8.0410,
      8.0500,
      7.9440,
      10.4030,
      9.5010,
      10.6790,
      5.2780,
      4.5710,
      4.9780,
      5.3790,
      3.9660,
      3.2860,
      3.4260,
      5.4370,
      5.8280,
      7.7850,
      5.9490,
      5.8480,
      7.1610,
      7.3910,
      8.6080,
      8.6310,
      7.7720,
      7.2800,
      8.5310,
      8.7010,
      9.6670,
      8.0780,
      8.2580,
      9.0550,
      9.8190,
      9.5720,
      10.4050,
      10.5050,
      11.0110,
      8.2850,
      8.3980,
      10.5420,
      9.0080,
      8.4410,
      8.2620,
      8.2620,
      7.9180,
      8.2970,
      7.3660,
      9.4510,
      2.8860,
      3.3030
    ],
    [
      1.3240,
      1.9660,
      1.9960,
      1.5390,
      0.6980,
      0.0010,
      0.8990,
      1.8040,
      1.5540,
      3.3620,
      1.0000,
      2.2710,
      2.2810,
      2.4190,
      2.4190,
      2.4350,
      4.1170,
      3.7040,
      4.8090,
      5.0090,
      5.8250,
      6.4270,
      6.4270,
      5.3250,
      6.5300,
      7.1800,
      6.7790,
      7.1910,
      5.9570,
      7.5300,
      8.1190,
      7.7310,
      8.1410,
      8.1500,
      8.0440,
      10.5030,
      9.6010,
      10.7790,
      5.3780,
      4.6710,
      5.0780,
      5.4790,
      4.0660,
      3.3860,
      3.5260,
      5.5370,
      5.9280,
      7.8850,
      6.0490,
      5.9480,
      7.2610,
      7.4910,
      8.7080,
      8.7310,
      7.8720,
      7.3800,
      8.6310,
      8.8010,
      9.7670,
      8.1780,
      8.3580,
      9.1550,
      9.9190,
      9.6720,
      10.5050,
      10.6050,
      11.1110,
      8.3850,
      8.4980,
      10.6420,
      9.1080,
      8.5410,
      8.3620,
      8.3620,
      8.0180,
      8.3970,
      7.4660,
      9.5510,
      2.9860,
      3.4030
    ],
    [
      2.3470,
      2.9890,
      3.0190,
      2.5620,
      1.7210,
      0.8990,
      0.0010,
      1.7030,
      1.4530,
      3.2610,
      0.8990,
      3.2940,
      2.6190,
      2.3180,
      2.3180,
      3.3300,
      4.0290,
      3.6160,
      4.7210,
      4.9210,
      5.7370,
      6.3390,
      6.3390,
      5.2370,
      6.4420,
      7.0920,
      6.6910,
      7.1030,
      5.8690,
      7.4420,
      8.0310,
      7.6430,
      8.0530,
      8.0620,
      7.9560,
      10.4150,
      9.5130,
      10.6910,
      5.7170,
      5.1690,
      5.4170,
      6.5020,
      5.0890,
      4.4090,
      4.5490,
      6.5600,
      6.9510,
      8.9080,
      6.3880,
      6.2870,
      7.1730,
      7.8300,
      9.5220,
      8.6430,
      8.8950,
      8.4030,
      9.6540,
      9.8240,
      10.6210,
      9.2010,
      9.3810,
      10.1780,
      10.9420,
      10.6950,
      11.5280,
      11.5040,
      12.0940,
      9.4080,
      9.5210,
      10.5540,
      9.0200,
      8.4530,
      8.2740,
      8.8660,
      8.5220,
      8.9010,
      7.8050,
      9.4630,
      4.0090,
      3.3150
    ],
    [
      3.2520,
      3.8940,
      3.9240,
      3.4670,
      2.6260,
      1.8040,
      1.7030,
      0.0010,
      0.5480,
      2.3560,
      1.8040,
      2.9660,
      1.7140,
      1.4130,
      1.4130,
      2.4250,
      3.1240,
      2.7110,
      3.8160,
      4.0160,
      4.8320,
      5.4340,
      5.4340,
      4.3320,
      5.5370,
      6.1870,
      5.7860,
      6.1980,
      4.9640,
      6.5370,
      7.1260,
      6.7380,
      7.1480,
      7.1570,
      7.0510,
      9.5100,
      8.6080,
      9.7860,
      4.8120,
      4.2640,
      4.5120,
      5.9240,
      4.8520,
      4.1720,
      4.3120,
      5.9820,
      6.7140,
      8.4180,
      5.4830,
      5.3820,
      6.2680,
      6.9250,
      8.6170,
      7.7380,
      8.6580,
      8.1660,
      9.3880,
      9.0160,
      9.7160,
      8.9640,
      9.1440,
      9.9410,
      10.7050,
      10.4580,
      11.2910,
      10.5990,
      11.1890,
      9.1710,
      9.2840,
      9.6490,
      8.1150,
      7.5480,
      7.3690,
      7.9610,
      7.6170,
      7.9960,
      6.9000,
      8.5580,
      3.7720,
      2.4100
    ],
    [
      3.0020,
      3.6440,
      3.6740,
      3.2170,
      2.3760,
      1.5540,
      1.4530,
      0.5480,
      0.0010,
      2.1060,
      1.5540,
      2.7160,
      1.4640,
      1.1630,
      1.1630,
      2.1750,
      2.8740,
      2.4610,
      3.5660,
      3.7660,
      4.5820,
      5.1840,
      5.1840,
      4.0820,
      5.2870,
      5.9370,
      5.5360,
      5.9480,
      4.7140,
      6.2870,
      6.8760,
      6.4880,
      6.8980,
      6.9070,
      6.8010,
      9.2600,
      8.3580,
      9.5360,
      4.5620,
      4.0140,
      4.2620,
      5.6740,
      4.6020,
      3.9220,
      4.0620,
      5.7320,
      6.4640,
      8.1680,
      5.2330,
      5.1320,
      6.0180,
      6.6750,
      8.3670,
      7.4880,
      8.4080,
      7.9160,
      9.1380,
      8.7660,
      9.4660,
      8.7140,
      8.8940,
      9.6910,
      10.4550,
      10.2080,
      11.0410,
      10.3490,
      10.9390,
      8.9210,
      9.0340,
      9.3990,
      7.8650,
      7.2980,
      7.1190,
      7.7110,
      7.3670,
      7.7460,
      6.6500,
      8.3080,
      3.5220,
      2.1600
    ],
    [
      4.0550,
      3.9380,
      4.9240,
      3.4380,
      4.1840,
      3.3620,
      3.2610,
      2.3560,
      2.1060,
      0.0010,
      3.3620,
      2.8940,
      1.6420,
      1.3410,
      1.3410,
      2.3530,
      3.0520,
      2.6390,
      3.3970,
      3.5970,
      4.4130,
      5.0150,
      5.0150,
      3.9130,
      5.1180,
      5.7680,
      5.3670,
      5.7790,
      4.5450,
      6.1180,
      6.7070,
      6.3190,
      6.7290,
      6.7380,
      6.6320,
      9.0910,
      8.1890,
      9.3670,
      4.7400,
      4.1920,
      4.4400,
      5.8520,
      4.7800,
      4.1000,
      4.2400,
      5.9100,
      6.6420,
      8.1850,
      5.4110,
      5.3100,
      5.8490,
      6.6920,
      8.3840,
      7.3190,
      8.5860,
      8.0940,
      9.1550,
      8.7830,
      9.2970,
      8.8920,
      9.0720,
      9.8690,
      10.6330,
      10.3860,
      11.2190,
      10.1800,
      10.7700,
      9.0990,
      9.2120,
      9.2300,
      7.6960,
      7.1290,
      6.9500,
      7.7280,
      7.3840,
      7.7630,
      6.6670,
      8.1390,
      3.7000,
      2.3380
    ],
    [
      1.3150,
      1.1980,
      2.1840,
      0.6980,
      1.5390,
      1.0000,
      0.8990,
      1.8040,
      1.5540,
      3.3620,
      0.0010,
      1.4300,
      1.4400,
      2.4190,
      2.4190,
      1.5940,
      3.2760,
      2.8630,
      3.9680,
      4.1680,
      4.9840,
      5.5860,
      5.5860,
      4.4840,
      5.6890,
      6.3390,
      5.9380,
      6.3500,
      5.1160,
      6.6890,
      7.2780,
      6.8900,
      7.3000,
      7.3090,
      7.2030,
      9.6620,
      8.7600,
      9.9380,
      4.5370,
      3.8300,
      4.2370,
      4.6380,
      3.2250,
      2.5450,
      2.6850,
      4.6960,
      5.0870,
      7.0440,
      5.2080,
      5.1070,
      6.4200,
      6.6500,
      7.8670,
      7.8900,
      7.0310,
      6.5390,
      7.7900,
      7.9600,
      8.9260,
      7.3370,
      7.5170,
      8.3140,
      9.0780,
      8.8310,
      9.6640,
      9.7640,
      10.2700,
      7.5440,
      7.6570,
      9.8010,
      8.2670,
      7.7000,
      7.5210,
      7.5210,
      7.1770,
      7.5560,
      6.6250,
      8.7100,
      2.1450,
      2.5620
    ],
    [
      1.9390,
      1.8220,
      2.8080,
      1.3220,
      2.1630,
      2.2630,
      3.2860,
      2.9660,
      2.7160,
      2.8940,
      1.4220,
      0.0010,
      0.7880,
      1.9510,
      1.9510,
      0.9420,
      2.6240,
      2.2110,
      3.3160,
      3.5160,
      4.3320,
      4.9340,
      4.9340,
      3.8320,
      5.0370,
      5.6870,
      5.2860,
      5.6980,
      4.4640,
      6.0370,
      6.6260,
      6.2380,
      6.6480,
      6.6570,
      6.5510,
      9.0100,
      8.1080,
      9.2860,
      3.8850,
      3.1780,
      3.5850,
      4.5270,
      3.1140,
      2.4340,
      2.5740,
      4.5850,
      4.9760,
      6.9330,
      4.5560,
      4.4550,
      5.7680,
      5.9980,
      7.6900,
      7.2380,
      6.9200,
      6.4280,
      7.6790,
      7.8490,
      8.8150,
      7.2260,
      7.4060,
      8.2030,
      8.9670,
      8.7200,
      9.5530,
      9.6530,
      10.1590,
      7.4330,
      7.5460,
      9.1490,
      7.6150,
      7.0480,
      6.8690,
      7.0340,
      6.6900,
      7.0690,
      5.9730,
      8.0580,
      2.0340,
      1.9100
    ],
    [
      1.9490,
      1.8320,
      2.8180,
      1.3320,
      2.1730,
      2.2730,
      2.6190,
      1.7140,
      1.4640,
      1.6420,
      1.4320,
      0.7880,
      0.0010,
      0.6990,
      0.6990,
      0.9520,
      2.4100,
      1.9970,
      3.1020,
      3.3020,
      4.1180,
      4.7200,
      4.7200,
      3.6180,
      4.8230,
      5.4730,
      5.0720,
      5.4840,
      4.2500,
      5.8230,
      6.4120,
      6.0240,
      6.4340,
      6.4430,
      6.3370,
      8.7960,
      7.8940,
      9.0720,
      3.8950,
      3.1880,
      3.5950,
      4.5370,
      3.1240,
      2.4440,
      2.5840,
      4.5950,
      4.9860,
      6.9430,
      4.5660,
      4.4650,
      5.5540,
      6.0080,
      7.7000,
      7.0240,
      6.9300,
      6.4380,
      7.6890,
      7.8590,
      8.8250,
      7.2360,
      7.4160,
      8.2130,
      8.9770,
      8.7300,
      9.5630,
      9.6630,
      10.1690,
      7.4430,
      7.5560,
      8.9350,
      7.4010,
      6.8340,
      6.6550,
      7.0440,
      6.7000,
      7.0790,
      5.9830,
      7.8440,
      2.0440,
      1.6960
    ],
    [
      3.1120,
      2.9950,
      3.9810,
      2.4950,
      3.2410,
      2.4190,
      2.3180,
      1.4130,
      1.1630,
      1.3410,
      2.4190,
      1.9510,
      0.6990,
      0.0010,
      0.3980,
      1.4100,
      2.1090,
      1.6960,
      2.8010,
      3.0010,
      3.8170,
      4.4190,
      4.4190,
      3.3170,
      4.5220,
      5.1720,
      4.7710,
      5.1830,
      3.9490,
      5.5220,
      6.1110,
      5.7230,
      6.1330,
      6.1420,
      6.0360,
      8.4950,
      7.5930,
      8.7710,
      3.7970,
      3.2490,
      3.4970,
      4.9090,
      3.8370,
      3.1570,
      3.2970,
      4.9670,
      5.6990,
      7.4030,
      4.4680,
      4.3670,
      5.2530,
      5.9100,
      7.6020,
      6.7230,
      7.6430,
      7.1510,
      8.3730,
      8.0010,
      8.7010,
      7.9490,
      8.1290,
      8.9260,
      9.6900,
      9.4430,
      10.2760,
      9.5840,
      10.1740,
      8.1560,
      8.2690,
      8.6340,
      7.1000,
      6.5330,
      6.3540,
      6.9460,
      6.6020,
      6.9810,
      5.8850,
      7.5430,
      2.7570,
      1.3950
    ],
    [
      3.1120,
      2.9950,
      3.9810,
      2.4950,
      3.2410,
      2.4190,
      2.3180,
      1.4130,
      1.1630,
      1.3410,
      2.4190,
      1.9510,
      0.6990,
      0.3980,
      0.0010,
      1.4100,
      2.1090,
      1.6960,
      2.8010,
      3.0010,
      3.8170,
      4.4190,
      4.4190,
      3.3170,
      4.5220,
      5.1720,
      4.7710,
      5.1830,
      3.9490,
      5.5220,
      6.1110,
      5.7230,
      6.1330,
      6.1420,
      6.0360,
      8.4950,
      7.5930,
      8.7710,
      3.7970,
      3.2490,
      3.4970,
      4.9090,
      3.8370,
      3.1570,
      3.2970,
      4.9670,
      5.6990,
      7.4030,
      4.4680,
      4.3670,
      5.2530,
      5.9100,
      7.6020,
      6.7230,
      7.6430,
      7.1510,
      8.3730,
      8.0010,
      8.7010,
      7.9490,
      8.1290,
      8.9260,
      9.6900,
      9.4430,
      10.2760,
      9.5840,
      10.1740,
      8.1560,
      8.2690,
      8.6340,
      7.1000,
      6.5330,
      6.3540,
      6.9460,
      6.6020,
      6.9810,
      5.8850,
      7.5430,
      2.7570,
      1.3950
    ],
    [
      2.1030,
      1.9860,
      2.9720,
      1.4860,
      2.3270,
      2.4270,
      3.3300,
      2.4250,
      2.1750,
      2.3530,
      1.5860,
      0.9420,
      0.9520,
      1.4100,
      1.4100,
      0.0010,
      2.0830,
      1.6700,
      2.7750,
      2.9750,
      3.7910,
      4.3930,
      4.3930,
      3.2910,
      4.4960,
      5.1460,
      4.7450,
      5.1570,
      3.9230,
      5.4960,
      6.0850,
      5.6970,
      6.1070,
      6.1160,
      6.0100,
      8.4690,
      7.5670,
      8.7450,
      3.3440,
      2.6370,
      3.0440,
      4.3830,
      2.9700,
      2.2900,
      2.4300,
      4.4410,
      4.8320,
      6.7890,
      4.0150,
      3.9140,
      5.2270,
      5.4570,
      7.1490,
      6.6970,
      6.7760,
      6.2840,
      7.5350,
      7.5480,
      8.3870,
      7.0820,
      7.2620,
      8.0590,
      8.8230,
      8.5760,
      9.4090,
      9.5090,
      10.0150,
      7.2890,
      7.4020,
      8.6080,
      7.0740,
      6.5070,
      6.3280,
      6.4930,
      6.1490,
      6.5280,
      5.4320,
      7.5170,
      1.8900,
      1.3690
    ],
    [
      3.7850,
      3.6680,
      4.6540,
      3.1680,
      4.0090,
      4.1090,
      4.0290,
      3.1240,
      2.8740,
      3.0520,
      3.2680,
      2.6240,
      2.4100,
      2.1090,
      2.1090,
      2.0830,
      0.0010,
      0.5980,
      1.3510,
      1.5510,
      2.3670,
      2.9690,
      2.9690,
      1.8670,
      3.0720,
      3.7220,
      3.3210,
      3.7330,
      2.4990,
      4.0720,
      4.6610,
      4.2730,
      4.6830,
      4.6920,
      4.5860,
      7.0450,
      6.1430,
      7.3210,
      1.6230,
      1.7300,
      1.3230,
      2.7350,
      3.9210,
      3.8300,
      3.9700,
      2.7930,
      3.8710,
      5.2290,
      2.2940,
      2.1930,
      3.8030,
      3.7360,
      5.4280,
      5.2730,
      6.5220,
      6.0300,
      6.1990,
      5.8270,
      6.6660,
      6.8280,
      7.0080,
      7.8050,
      8.5690,
      8.3220,
      9.1550,
      8.1340,
      8.7240,
      7.0350,
      7.1480,
      7.1840,
      5.6500,
      5.0830,
      4.9040,
      4.7720,
      4.4280,
      4.8070,
      3.7110,
      6.0930,
      3.4300,
      0.8280
    ],
    [
      3.3720,
      3.2550,
      4.2410,
      2.7550,
      3.5960,
      3.6960,
      3.6160,
      2.7110,
      2.4610,
      2.6390,
      2.8550,
      2.2110,
      1.9970,
      1.6960,
      1.6960,
      1.6700,
      0.5980,
      0.0010,
      1.3510,
      1.5510,
      2.3670,
      2.9690,
      2.9690,
      1.8670,
      3.0720,
      3.7220,
      3.3210,
      3.7330,
      2.4990,
      4.0720,
      4.6610,
      4.2730,
      4.6830,
      4.6920,
      4.5860,
      7.0450,
      6.1430,
      7.3210,
      1.6230,
      1.7300,
      1.3230,
      2.7350,
      3.9210,
      3.4170,
      3.5570,
      2.7930,
      3.8710,
      5.2290,
      2.2940,
      2.1930,
      3.8030,
      3.7360,
      5.4280,
      5.2730,
      6.5220,
      6.0300,
      6.1990,
      5.8270,
      6.6660,
      6.8280,
      7.0080,
      7.8050,
      8.5690,
      8.3220,
      9.1550,
      8.1340,
      8.7240,
      7.0350,
      7.1480,
      7.1840,
      5.6500,
      5.0830,
      4.9040,
      4.7720,
      4.4280,
      4.8070,
      3.7110,
      6.0930,
      3.0170,
      1.0990
    ],
    [
      4.4770,
      4.3600,
      5.3460,
      3.8600,
      4.7010,
      4.8010,
      4.7210,
      3.8160,
      3.5660,
      3.3970,
      3.9600,
      3.3160,
      3.1020,
      2.8010,
      2.8010,
      2.7750,
      1.3510,
      1.3510,
      0.0010,
      1.2000,
      2.0160,
      2.6180,
      2.6180,
      1.5160,
      2.7210,
      3.3710,
      2.9700,
      3.3820,
      2.1480,
      3.7210,
      4.3100,
      3.9220,
      4.3320,
      4.3410,
      4.2350,
      6.6940,
      5.7920,
      6.9700,
      2.3760,
      2.4830,
      2.0760,
      3.4880,
      4.6740,
      4.5220,
      4.6620,
      3.5460,
      4.6240,
      5.7880,
      3.0470,
      2.9460,
      3.4520,
      4.2950,
      5.9870,
      4.9220,
      7.2750,
      6.7830,
      6.7580,
      6.3860,
      6.9000,
      7.5810,
      7.7610,
      8.5580,
      8.9040,
      9.0750,
      8.9790,
      7.7830,
      8.3730,
      7.7880,
      7.9010,
      6.8330,
      5.2990,
      4.7320,
      4.5530,
      5.3310,
      4.9870,
      5.3660,
      4.2700,
      5.7420,
      4.1220,
      1.5200
    ],
    [
      4.6770,
      4.5600,
      5.5460,
      4.0600,
      4.9010,
      5.0010,
      4.9210,
      4.0160,
      3.7660,
      3.5970,
      4.1600,
      3.5160,
      3.3020,
      3.0010,
      3.0010,
      2.9750,
      1.5510,
      1.5510,
      1.2000,
      0.0010,
      1.7000,
      2.3020,
      2.3020,
      1.2000,
      2.4050,
      3.0550,
      2.6540,
      3.0660,
      1.8320,
      3.4050,
      3.9940,
      3.6060,
      4.0160,
      4.0250,
      3.9190,
      6.3780,
      5.4760,
      6.6540,
      2.4580,
      2.6830,
      2.2760,
      3.6880,
      4.8740,
      4.7220,
      4.8620,
      3.7460,
      4.8240,
      5.4720,
      3.2470,
      3.1460,
      3.1360,
      3.9790,
      5.6710,
      4.6060,
      7.4750,
      6.9830,
      6.4420,
      6.0700,
      6.5840,
      7.7810,
      7.9610,
      8.7390,
      8.5880,
      9.2180,
      8.6630,
      7.4670,
      8.0570,
      7.9880,
      8.1010,
      6.5170,
      4.9830,
      4.4160,
      4.2370,
      5.0150,
      4.6710,
      5.0500,
      3.9540,
      5.4260,
      4.3220,
      1.7200
    ],
    [
      5.4930,
      5.3760,
      6.3620,
      4.8760,
      5.7170,
      5.8170,
      5.7370,
      4.8320,
      4.5820,
      4.4130,
      4.9760,
      4.3320,
      4.1180,
      3.8170,
      3.8170,
      3.7910,
      2.3670,
      2.3670,
      2.0160,
      1.7000,
      0.0010,
      1.0000,
      2.3180,
      1.1790,
      1.0920,
      1.7420,
      1.3410,
      2.3730,
      1.2790,
      2.8520,
      3.4410,
      3.0530,
      3.4630,
      3.3320,
      3.2260,
      5.8250,
      4.9230,
      6.1010,
      2.7580,
      3.4990,
      3.0920,
      4.5040,
      5.6900,
      5.5380,
      5.6780,
      4.5620,
      4.8990,
      4.9460,
      4.0630,
      2.8520,
      2.6100,
      3.4530,
      5.1450,
      3.9130,
      6.9660,
      7.1670,
      5.9160,
      5.5440,
      5.8910,
      7.9650,
      8.1450,
      8.0460,
      7.8950,
      8.5250,
      7.9700,
      6.7740,
      7.3640,
      8.1720,
      8.2850,
      5.9640,
      4.4300,
      3.8630,
      3.6840,
      4.4890,
      4.1450,
      4.5240,
      3.4280,
      4.8730,
      5.1380,
      2.5360
    ],
    [
      6.0950,
      5.9780,
      6.9640,
      5.4780,
      6.3190,
      6.4190,
      6.3390,
      5.4340,
      5.1840,
      5.0150,
      5.5780,
      4.9340,
      4.7200,
      4.4190,
      4.4190,
      4.3930,
      2.9690,
      2.9690,
      2.6180,
      2.3020,
      1.0000,
      0.0010,
      0.7980,
      1.1790,
      1.0920,
      1.7420,
      1.3410,
      2.3730,
      1.2790,
      2.8520,
      3.4410,
      3.0530,
      3.4630,
      3.3320,
      3.2260,
      5.8250,
      4.9230,
      6.1010,
      1.4420,
      4.0930,
      3.6860,
      4.9740,
      6.2840,
      6.1400,
      6.2800,
      5.1560,
      3.9210,
      3.9680,
      3.1170,
      1.8740,
      1.6320,
      2.4750,
      4.1670,
      3.9130,
      6.1260,
      6.1890,
      4.9380,
      4.5660,
      5.4050,
      6.9870,
      7.1670,
      7.9640,
      7.8950,
      8.4810,
      7.9700,
      6.7740,
      7.3640,
      7.1940,
      7.3070,
      5.9640,
      4.4300,
      3.8630,
      3.6840,
      3.5110,
      3.1670,
      3.5460,
      2.4500,
      4.8730,
      5.7400,
      3.1380
    ],
    [
      6.0950,
      5.9780,
      6.9640,
      5.4780,
      6.3190,
      6.4190,
      6.3390,
      5.4340,
      5.1840,
      5.0150,
      5.5780,
      4.9340,
      4.7200,
      4.4190,
      4.4190,
      4.3930,
      2.9690,
      2.9690,
      2.6180,
      2.3020,
      2.3180,
      0.7980,
      0.0010,
      2.1020,
      2.4100,
      3.0600,
      2.6590,
      3.6910,
      2.5970,
      4.1700,
      4.7590,
      4.3710,
      4.7810,
      4.6500,
      4.5440,
      7.1430,
      6.2410,
      7.4190,
      1.4420,
      4.0930,
      3.6860,
      4.9740,
      6.2840,
      6.1400,
      6.2800,
      5.1560,
      3.9210,
      3.9680,
      3.1170,
      1.8740,
      1.6320,
      2.4750,
      4.1670,
      4.4540,
      6.1260,
      6.1890,
      4.9380,
      4.5660,
      5.4050,
      6.9870,
      7.1670,
      7.9640,
      8.7280,
      8.4810,
      8.9280,
      7.7320,
      8.3220,
      7.1940,
      7.3070,
      7.2820,
      5.7480,
      5.1810,
      5.0020,
      3.5110,
      3.1670,
      3.5460,
      2.4500,
      6.1910,
      5.7400,
      3.1380
    ],
    [
      4.9930,
      4.8760,
      5.8620,
      4.3760,
      5.2170,
      5.3170,
      5.2370,
      4.3320,
      4.0820,
      3.9130,
      4.4760,
      3.8320,
      3.6180,
      3.3170,
      3.3170,
      3.2910,
      1.8670,
      1.8670,
      1.5160,
      1.2000,
      1.1790,
      1.1790,
      2.1020,
      0.0010,
      1.2710,
      1.9210,
      1.5200,
      1.9320,
      0.6980,
      2.2710,
      2.8600,
      2.4720,
      2.8820,
      2.8910,
      2.7850,
      5.2440,
      4.3420,
      5.5200,
      2.2580,
      2.9990,
      2.5920,
      4.0040,
      5.1900,
      5.0380,
      5.1780,
      4.0620,
      5.0780,
      5.1250,
      3.5630,
      3.0310,
      2.7890,
      3.5140,
      5.3240,
      3.4720,
      6.5250,
      6.8410,
      5.5960,
      5.7230,
      5.4500,
      8.0970,
      8.2770,
      7.6050,
      7.4540,
      8.0840,
      7.5290,
      6.3330,
      6.9230,
      8.3040,
      8.4170,
      5.3830,
      3.8490,
      3.2820,
      3.1030,
      4.2150,
      4.3240,
      4.5410,
      3.6070,
      4.2920,
      4.6380,
      2.0360
    ],
    [
      6.1980,
      6.0810,
      7.0670,
      5.5810,
      6.4220,
      6.5220,
      6.4420,
      5.5370,
      5.2870,
      5.1180,
      5.6810,
      5.0370,
      4.8230,
      4.5220,
      4.5220,
      4.4960,
      3.0720,
      3.0720,
      2.7210,
      2.4050,
      1.0920,
      1.0920,
      2.4100,
      1.2710,
      0.0010,
      0.9480,
      0.5470,
      1.5790,
      1.3710,
      2.0770,
      2.6660,
      2.2780,
      2.6880,
      2.5380,
      2.4320,
      5.0500,
      4.1480,
      5.3260,
      3.0540,
      4.2040,
      3.7970,
      5.2090,
      6.3950,
      6.2430,
      6.3830,
      5.2670,
      4.9910,
      5.0380,
      4.1870,
      2.9440,
      2.6800,
      3.1610,
      5.2370,
      3.1190,
      6.1720,
      6.4880,
      5.2430,
      5.4130,
      5.0970,
      7.9840,
      8.1640,
      7.2520,
      7.1010,
      7.7310,
      7.1760,
      5.9800,
      6.5700,
      8.1910,
      8.2280,
      5.1890,
      3.6550,
      3.0880,
      2.9090,
      3.8620,
      4.2370,
      4.1880,
      3.5200,
      4.0980,
      5.8430,
      3.2410
    ],
    [
      6.8480,
      6.7310,
      7.7170,
      6.2310,
      7.0720,
      7.1720,
      7.0920,
      6.1870,
      5.9370,
      5.7680,
      6.3310,
      5.6870,
      5.4730,
      5.1720,
      5.1720,
      5.1460,
      3.7220,
      3.7220,
      3.3710,
      3.0550,
      1.7420,
      1.7420,
      3.0600,
      1.9210,
      0.9480,
      0.0010,
      1.1970,
      1.6090,
      2.0210,
      1.9480,
      2.5370,
      2.1490,
      2.5590,
      2.5680,
      2.4620,
      4.9210,
      4.0190,
      5.1970,
      3.7040,
      4.8540,
      4.4470,
      5.8590,
      7.0450,
      6.8930,
      7.0330,
      5.9170,
      5.6410,
      5.3980,
      4.8370,
      3.5940,
      2.7100,
      3.1910,
      5.5970,
      3.1490,
      6.2020,
      6.5180,
      5.2730,
      5.4430,
      5.1270,
      8.0140,
      8.1940,
      7.2820,
      7.1310,
      7.7610,
      7.2060,
      6.0100,
      6.6000,
      8.2210,
      8.2580,
      5.0600,
      3.5260,
      2.9590,
      2.7800,
      3.8920,
      4.5970,
      4.2180,
      4.1700,
      3.9690,
      6.4930,
      3.8910
    ],
    [
      6.4470,
      6.3300,
      7.3160,
      5.8300,
      6.6710,
      6.7710,
      6.6910,
      5.7860,
      5.5360,
      5.3670,
      5.9300,
      5.2860,
      5.0720,
      4.7710,
      4.7710,
      4.7450,
      3.3210,
      3.3210,
      2.9700,
      2.6540,
      1.3410,
      1.3410,
      2.6590,
      1.5200,
      0.5470,
      1.1970,
      0.0010,
      1.2300,
      1.6200,
      2.3260,
      2.9150,
      2.5270,
      2.9370,
      2.1890,
      2.0830,
      5.2990,
      4.3970,
      5.5750,
      3.3030,
      4.4530,
      4.0460,
      5.4580,
      6.6440,
      6.4920,
      6.6320,
      5.5160,
      5.2400,
      5.0190,
      4.4360,
      3.1930,
      2.3310,
      2.8120,
      5.2180,
      2.7700,
      5.8230,
      6.1390,
      4.8940,
      5.0640,
      4.7480,
      7.6350,
      7.8150,
      6.9030,
      6.7520,
      7.3820,
      6.8270,
      5.6310,
      6.2210,
      7.8420,
      7.8790,
      5.4380,
      3.9040,
      3.3370,
      3.1550,
      3.5130,
      4.2180,
      3.8390,
      3.7690,
      4.3470,
      6.0920,
      3.4900
    ],
    [
      6.8590,
      6.7420,
      7.7280,
      6.2420,
      7.0830,
      7.1830,
      7.1030,
      6.1980,
      5.9480,
      5.7790,
      6.3420,
      5.6980,
      5.4840,
      5.1830,
      5.1830,
      5.1570,
      3.7330,
      3.7330,
      3.3820,
      3.0660,
      2.3730,
      2.3730,
      3.6910,
      1.9320,
      1.5790,
      1.6090,
      1.2300,
      0.0010,
      2.0320,
      1.8650,
      2.4540,
      1.5310,
      1.9320,
      1.4040,
      1.6510,
      4.2940,
      3.3920,
      4.5700,
      4.1240,
      4.8650,
      4.4580,
      5.8700,
      7.0560,
      6.9040,
      7.0440,
      5.9280,
      5.3370,
      4.5870,
      5.1690,
      4.2250,
      1.8990,
      2.3800,
      4.7860,
      2.3380,
      5.3910,
      5.7070,
      4.4620,
      4.6320,
      4.3160,
      7.2030,
      7.3830,
      6.4710,
      6.3200,
      6.9500,
      6.3950,
      5.1990,
      5.7890,
      7.4100,
      7.4470,
      4.4330,
      2.8990,
      2.3320,
      2.1530,
      3.0810,
      3.7860,
      3.4070,
      4.0640,
      3.3420,
      6.5040,
      3.9020
    ],
    [
      5.6250,
      5.5080,
      6.4940,
      5.0080,
      5.8490,
      5.9490,
      5.8690,
      4.9640,
      4.7140,
      4.5450,
      5.1080,
      4.4640,
      4.2500,
      3.9490,
      3.9490,
      3.9230,
      2.4990,
      2.4990,
      2.1480,
      1.8320,
      1.2790,
      1.2790,
      2.5970,
      0.6980,
      1.3710,
      2.0210,
      1.6200,
      2.0320,
      0.0010,
      2.3710,
      2.9600,
      2.5720,
      2.9820,
      2.9910,
      2.8850,
      5.3440,
      4.4420,
      5.6200,
      2.8900,
      3.6310,
      3.2240,
      4.6360,
      5.8220,
      5.6700,
      5.8100,
      4.6940,
      5.1780,
      5.2250,
      4.1950,
      3.1310,
      2.8890,
      3.6140,
      5.4240,
      3.5720,
      6.6250,
      6.9410,
      5.6960,
      5.8230,
      5.5500,
      8.2440,
      8.4240,
      7.7050,
      7.5540,
      8.1840,
      7.6290,
      6.4330,
      7.0230,
      8.4510,
      8.5640,
      5.4830,
      3.9490,
      3.3820,
      3.2030,
      4.3150,
      4.4240,
      4.6410,
      3.7070,
      4.3920,
      5.2700,
      2.6680
    ],
    [
      7.1980,
      7.0810,
      8.0670,
      6.5810,
      7.4220,
      7.5220,
      7.4420,
      6.5370,
      6.2870,
      6.1180,
      6.6810,
      6.0370,
      5.8230,
      5.5220,
      5.5220,
      5.4960,
      4.0720,
      4.0720,
      3.7210,
      3.4050,
      2.8520,
      2.8520,
      4.1700,
      2.2710,
      2.0770,
      1.9480,
      2.3260,
      1.8650,
      2.3710,
      0.0010,
      1.1870,
      0.7990,
      1.9330,
      2.6000,
      2.8120,
      4.2950,
      2.9290,
      4.5710,
      4.4630,
      5.2040,
      4.7970,
      6.2090,
      7.3950,
      7.2430,
      7.3830,
      6.2670,
      6.4980,
      5.7480,
      5.7680,
      4.7040,
      3.0600,
      3.5410,
      5.9470,
      3.4990,
      6.5520,
      6.8680,
      5.6230,
      5.7930,
      5.4770,
      8.3640,
      8.5440,
      7.6320,
      7.4810,
      8.1110,
      7.5560,
      6.3600,
      6.9500,
      8.5710,
      8.6080,
      4.4340,
      2.9000,
      2.3330,
      2.1540,
      4.2420,
      4.9470,
      4.5680,
      5.2250,
      2.8790,
      6.8430,
      4.2410
    ],
    [
      7.7870,
      7.6700,
      8.6560,
      7.1700,
      8.0110,
      8.1110,
      8.0310,
      7.1260,
      6.8760,
      6.7070,
      7.2700,
      6.6260,
      6.4120,
      6.1110,
      6.1110,
      6.0850,
      4.6610,
      4.6610,
      4.3100,
      3.9940,
      3.4410,
      3.4410,
      4.7590,
      2.8600,
      2.6660,
      2.5370,
      2.9150,
      2.4540,
      2.9600,
      1.1870,
      0.0010,
      1.3880,
      2.5220,
      3.1890,
      3.4010,
      4.1660,
      2.3400,
      4.4420,
      5.0520,
      5.7930,
      5.3860,
      6.7980,
      7.9840,
      7.8320,
      7.9720,
      6.8560,
      7.0870,
      6.3370,
      6.3570,
      5.2930,
      3.6490,
      4.1300,
      6.5360,
      4.0880,
      7.1410,
      7.4570,
      6.2120,
      6.3820,
      6.0660,
      8.9530,
      9.1330,
      8.2210,
      8.0700,
      8.7000,
      8.1450,
      6.9490,
      7.5390,
      9.1600,
      9.1970,
      4.3050,
      2.7710,
      2.9220,
      2.7430,
      4.8310,
      5.5360,
      5.1570,
      5.8140,
      2.2900,
      7.4320,
      4.8300
    ],
    [
      7.3990,
      7.2820,
      8.2680,
      6.7820,
      7.6230,
      7.7230,
      7.6430,
      6.7380,
      6.4880,
      6.3190,
      6.8820,
      6.2380,
      6.0240,
      5.7230,
      5.7230,
      5.6970,
      4.2730,
      4.2730,
      3.9220,
      3.6060,
      3.0530,
      3.0530,
      4.3710,
      2.4720,
      2.2780,
      2.1490,
      2.5270,
      1.5310,
      2.5720,
      0.7990,
      1.3880,
      0.0010,
      1.5990,
      2.2660,
      3.0130,
      3.9610,
      3.0590,
      4.2370,
      4.6640,
      5.4050,
      4.9980,
      6.4100,
      7.5960,
      7.4440,
      7.5840,
      6.4680,
      6.6990,
      5.9490,
      5.9690,
      4.9050,
      3.2610,
      3.7420,
      6.1480,
      3.7000,
      6.7530,
      7.0690,
      5.8240,
      5.9940,
      5.6780,
      8.5650,
      8.7450,
      7.8330,
      7.6820,
      8.3120,
      7.7570,
      6.5610,
      7.1510,
      8.7720,
      8.8090,
      4.1000,
      2.5660,
      1.9990,
      1.8200,
      4.4430,
      5.1480,
      4.7690,
      5.4260,
      3.0090,
      7.0440,
      4.4420
    ],
    [
      7.8090,
      7.6920,
      8.6780,
      7.1920,
      8.0330,
      8.1330,
      8.0530,
      7.1480,
      6.8980,
      6.7290,
      7.2920,
      6.6480,
      6.4340,
      6.1330,
      6.1330,
      6.1070,
      4.6830,
      4.6830,
      4.3320,
      4.0160,
      3.4630,
      3.4630,
      4.7810,
      2.8820,
      2.6880,
      2.5590,
      2.9370,
      1.9320,
      2.9820,
      1.9330,
      2.5220,
      1.5990,
      0.0010,
      2.6670,
      3.4230,
      4.3620,
      3.4600,
      4.6380,
      5.0740,
      5.8150,
      5.4080,
      6.8200,
      8.0060,
      7.8540,
      7.9940,
      6.8780,
      7.1090,
      6.3590,
      6.3790,
      5.3150,
      3.6710,
      4.1520,
      6.5580,
      4.1100,
      7.1630,
      7.4790,
      6.2340,
      6.4040,
      6.0880,
      8.9750,
      9.1550,
      8.2430,
      8.0920,
      8.7220,
      8.1670,
      6.9710,
      7.5610,
      9.1820,
      9.2190,
      4.5010,
      2.9670,
      2.4000,
      2.2210,
      4.8530,
      5.5580,
      5.1790,
      5.8360,
      3.4100,
      7.4540,
      4.8520
    ],
    [
      7.8180,
      7.7010,
      8.6870,
      7.2010,
      8.0420,
      8.1420,
      8.0620,
      7.1570,
      6.9070,
      6.7380,
      7.3010,
      6.6570,
      6.4430,
      6.1420,
      6.1420,
      6.1160,
      4.6920,
      4.6920,
      4.3410,
      4.0250,
      3.3320,
      3.3320,
      4.6500,
      2.8910,
      2.5380,
      2.5680,
      2.1890,
      1.4040,
      2.9910,
